Hexadecimal to Binary (Direct)
1)12A4
1      2       A       4
0001  0010     1010   0100
0001 0010 1010 0100
2)1C35
1      c     3     5
       12
0001  1100  0011  0101
0001 1100 0011 0101


3)100

1      0     0
0001   0000  0000
0001 0000 0000


4)115C                 

1        1     5       c
                      12
0001   0001   0101    1100
0001 0001 0101 1100



Binary to Hexadecimal (Direct)

1) 0001 0010 1010 0100
12A4

2) 0001 1100 0011 0101
1C35

3) 0001 0000 0000
100

4) 0001 0001 0101 1100
115C

ALL ANSWERS ARE CORRECT